Date,Day,Check-In,Check-Out,Total,Task,Task Extra 1,Task Extra 2,Task Extra 3,Task Extra 4,Client,Work unit notes
09.03.2023,Thu,00:00,00:12,00:12,"수강 신청, 계획 등",,,,,,
09.03.2023,Thu,00:12,00:20,00:08,무한도전 시청,,,,,,
09.03.2023,Thu,00:20,05:41,05:21,잠,잠,잠,,,,
09.03.2023,Thu,05:41,05:46,00:05,"수강 신청, 계획 등",,,,,,
09.03.2023,Thu,05:46,05:50,00:04,하이퍼텍스트와 계산 가능성 (박성빈 교수님) 공부,,,,,,
09.03.2023,Thu,05:50,05:56,00:06,"일상 계획, 일정 조정, 기록, 수정, 조회, 일일 예결산 등",행정,"일상 계획, 조정, 결산",,,,
09.03.2023,Thu,05:56,05:58,00:02,"식사 탐색, 준비, 식사, 뒤처리",생활,식사,,,,
09.03.2023,Thu,05:58,05:59,00:01,화장실,생활,화장실,,,,
09.03.2023,Thu,05:59,06:24,00:25,"식사 탐색, 준비, 식사, 뒤처리",생활,식사,,,,
09.03.2023,Thu,06:24,06:48,00:24,"샤워 준비, 실행, 뒤처리 등",생활,씻기,,,,
09.03.2023,Thu,06:48,06:50,00:02,면도,,,,,,
09.03.2023,Thu,06:50,06:54,00:04,"이동 준비, 이동 등",생활,이동,,,,
09.03.2023,Thu,06:54,07:07,00:13,"이동 준비, 이동 등",생활,이동,,,,
09.03.2023,Thu,07:07,07:19,00:12,책 음악 수학 <Musix A Mathematical Offering> (David J. Benson; 추정호),,,,,,
09.03.2023,Thu,07:19,07:23,00:04,"이동 준비, 이동 등",생활,이동,,,,
09.03.2023,Thu,07:23,07:43,00:20,책 음악 수학 <Musix A Mathematical Offering> (David J. Benson; 추정호),,,,,,
09.03.2023,Thu,07:43,07:47,00:04,"이동 준비, 이동 등",생활,이동,,,,
09.03.2023,Thu,07:47,07:49,00:02,책 음악 수학 <Musix A Mathematical Offering> (David J. Benson; 추정호),,,,,,
09.03.2023,Thu,07:49,07:57,00:08,고전음악감상실 세미나 준비 등,,,,,,
09.03.2023,Thu,07:57,08:01,00:04,"이동 준비, 이동 등",생활,이동,,,,
09.03.2023,Thu,08:01,08:08,00:07,고전음악감상실 세미나 준비 등,,,,,,
09.03.2023,Thu,08:08,08:22,00:14,"이동 준비, 이동 등",생활,이동,,,,
09.03.2023,Thu,08:22,08:24,00:02,화장실,생활,화장실,,,,
09.03.2023,Thu,08:24,08:29,00:05,"공부 자리 준비, 정리, 사용 앱 등 환경 설정, 다음 공부 강의 재생 등 준비",행정,자리 정리,,,,
09.03.2023,Thu,08:29,08:42,00:13,고전음악감상실 세미나 준비 등,,,,,,
09.03.2023,Thu,08:42,08:44,00:02,"반도체공정 (김동환 교수님) 청강, 준비, 관련 행정 등",,,,,,
09.03.2023,Thu,08:44,08:52,00:08,고전음악감상실 세미나 준비 등,,,,,,
09.03.2023,Thu,08:52,08:54,00:02,"반도체공정 (김동환 교수님) 청강, 준비, 관련 행정 등",,,,,,
09.03.2023,Thu,08:54,08:55,00:01,고전음악감상실 세미나 준비 등,,,,,,
09.03.2023,Thu,08:55,10:20,01:25,"반도체공정 (김동환 교수님) 청강, 준비, 관련 행정 등",,,,,,
09.03.2023,Thu,10:20,10:23,00:03,"이동 준비, 이동 등",생활,이동,,,,
09.03.2023,Thu,10:23,10:25,00:02,화장실,생활,화장실,,,,
09.03.2023,Thu,10:25,11:50,01:25,"공학 수학 I (김운경 교수님) 청강, 준비, 관련 행정 등",,,,,,
09.03.2023,Thu,11:50,12:01,00:11,"이동 준비, 이동 등",생활,이동,,,,
09.03.2023,Thu,12:01,13:17,01:16,"하이퍼텍스트와 계산 가능성 (박성빈 교수님) 수강, 관련 행정, 수험 등",,,,,,
09.03.2023,Thu,13:17,13:22,00:05,"이동 준비, 이동 등",생활,이동,,,,
09.03.2023,Thu,13:22,13:23,00:01,"식사 탐색, 준비, 식사, 뒤처리",생활,식사,,,,
09.03.2023,Thu,13:23,13:25,00:02,"이동 준비, 이동 등",생활,이동,,,,
09.03.2023,Thu,13:25,13:28,00:03,대화,,,,,,
09.03.2023,Thu,13:28,13:29,00:01,화장실,생활,화장실,,,,
09.03.2023,Thu,13:29,13:43,00:14,"이동 준비, 이동 등",생활,이동,,,,
09.03.2023,Thu,13:43,14:05,00:22,고전음악감상실 세미나 준비 등,,,,,,
09.03.2023,Thu,14:05,14:10,00:05,고전음악감상실 운영 등,,,,,,
09.03.2023,Thu,14:10,14:42,00:32,고전음악감상실 세미나 준비 등,,,,,,
09.03.2023,Thu,14:42,14:47,00:05,고전음악감상실 운영 등,,,,,,
09.03.2023,Thu,14:47,15:12,00:25,고전음악감상실 세미나 준비 등,,,,,,
09.03.2023,Thu,15:12,15:28,00:16,"이동 준비, 이동 등",생활,이동,,,,
09.03.2023,Thu,15:28,16:50,01:22,"아날로그 집적회로 (김철우 교수님) 수강, 수험, 행정 등",,,,,,
09.03.2023,Thu,16:50,16:55,00:05,"이동 준비, 이동 등",생활,이동,,,,
09.03.2023,Thu,16:55,16:56,00:01,도서 책 정보 수집 및 구입 대출 등,정보,"책 정보 수집, 구입, 대출 등",,,,
09.03.2023,Thu,16:56,16:58,00:02,화장실,생활,화장실,,,,
09.03.2023,Thu,16:58,17:23,00:25,"이동 준비, 이동 등",생활,이동,,,,
09.03.2023,Thu,17:23,18:41,01:18,"수강 신청, 계획 등",,,,,,
09.03.2023,Thu,18:41,19:02,00:21,"수강 신청, 계획 등",,,,,,
09.03.2023,Thu,19:02,19:11,00:09,"이동 준비, 이동 등",생활,이동,,,,
09.03.2023,Thu,19:11,19:12,00:01,"수강 신청, 계획 등",,,,,,
09.03.2023,Thu,19:12,19:17,00:05,"이동 준비, 이동 등",생활,이동,,,,
09.03.2023,Thu,19:17,19:19,00:02,"컴퓨터네트워크 (김황남 교수님) 수강, 수험, 행정 등",,,,,,
09.03.2023,Thu,19:19,19:25,00:06,"이동 준비, 이동 등",생활,이동,,,,
09.03.2023,Thu,19:25,19:26,00:01,"은행, 간편 결제 업무, 조회, 대기",행정,금융,,,,
09.03.2023,Thu,19:26,19:32,00:06,고전음악감상실 세미나 준비 등,,,,,,
09.03.2023,Thu,19:32,19:35,00:03,"이동 준비, 이동 등",생활,이동,,,,
09.03.2023,Thu,19:35,19:56,00:21,고전음악감상실 세미나 준비 등,,,,,,
09.03.2023,Thu,19:56,19:59,00:03,"이동 준비, 이동 등",생활,이동,,,,
09.03.2023,Thu,19:59,20:19,00:20,고전음악감상실 세미나 준비 등,,,,,,
09.03.2023,Thu,20:19,20:36,00:17,"이동 준비, 이동 등",생활,이동,,,,
09.03.2023,Thu,20:36,20:39,00:03,"식사 탐색, 준비, 식사, 뒤처리",생활,식사,,,,
09.03.2023,Thu,20:39,20:41,00:02,물건 씻기 닦기,생활,"물품 씻기, 닦기",,,,
09.03.2023,Thu,20:41,21:00,00:19,"식사 탐색, 준비, 식사, 뒤처리",생활,식사,,,,
09.03.2023,Thu,21:00,21:08,00:08,"과일 준비, 먹기, 뒤처리",식사,과일,,,,
09.03.2023,Thu,21:08,21:34,00:26,간식,식사,간식,,,,
09.03.2023,Thu,21:34,21:36,00:02,Project Open,,,,,문기옥,
09.03.2023,Thu,21:36,21:37,00:01,Duolingo 스페인어 (<-영어),공부,스페인어,,,,
09.03.2023,Thu,21:37,23:05,01:28,무한도전 시청,,,,,,
09.03.2023,Thu,23:05,00:00,00:55,잠,잠,잠,,,,
10.03.2023,Fri,00:00,04:38,04:38,잠,잠,잠,,,,
10.03.2023,Fri,04:38,04:51,00:13,인터넷 커뮤니티 고파스 서핑,,,,,,
10.03.2023,Fri,04:51,05:27,00:36,"수강 신청, 계획 등",,,,,,
10.03.2023,Fri,05:27,05:41,00:14,도서 책 정보 수집 및 구입 대출 등,정보,"책 정보 수집, 구입, 대출 등",,,,
10.03.2023,Fri,05:41,06:06,00:25,"샤워 준비, 실행, 뒤처리 등",생활,씻기,,,,
10.03.2023,Fri,06:06,06:39,00:33,"식사 탐색, 준비, 식사, 뒤처리",생활,식사,,,,
10.03.2023,Fri,06:39,06:43,00:04,"과일 준비, 먹기, 뒤처리",식사,과일,,,,
10.03.2023,Fri,06:43,06:55,00:12,양치질,생활,양치질,,,,
10.03.2023,Fri,06:55,07:05,00:10,"이동 준비, 이동 등",생활,이동,,,,
10.03.2023,Fri,07:05,07:14,00:09,"이동 준비, 이동 등",생활,이동,,,,
10.03.2023,Fri,07:14,07:29,00:15,"이동 준비, 이동 등",생활,이동,,,,
10.03.2023,Fri,07:29,07:32,00:03,Kbs 유튜브 탑골정치 시청 등,,,,,,
10.03.2023,Fri,07:32,07:45,00:13,노태우 관련 영상 등 시청,,,,,,
10.03.2023,Fri,07:45,07:48,00:03,"이동 준비, 이동 등",생활,이동,,,,
10.03.2023,Fri,07:48,07:59,00:11,노태우 관련 영상 등 시청,,,,,,
10.03.2023,Fri,07:59,08:09,00:10,김영삼 인터뷰 등 관련 영상 등 시청,,,,,,
10.03.2023,Fri,08:09,08:13,00:04,"이동 준비, 이동 등",생활,이동,,,,
10.03.2023,Fri,08:13,08:21,00:08,인터넷 커뮤니티 고파스 서핑,,,,,,
10.03.2023,Fri,08:21,08:25,00:04,"이동 준비, 이동 등",생활,이동,,,,
10.03.2023,Fri,08:25,08:26,00:01,인터넷 커뮤니티 고파스 서핑,,,,,,
10.03.2023,Fri,08:26,08:28,00:02,"수강 신청, 계획 등",,,,,,
10.03.2023,Fri,08:28,08:32,00:04,인터넷 커뮤니티 고파스 서핑,,,,,,
10.03.2023,Fri,08:32,08:47,00:15,"이동 준비, 이동 등",생활,이동,,,,
10.03.2023,Fri,08:47,08:57,00:10,주변 기기 관리 및 지식 획득 등,행정,주변 기기 관리 및 지식 획득 등,,,,
10.03.2023,Fri,08:57,09:10,00:13,"수강 신청, 계획 등",,,,,,
10.03.2023,Fri,09:10,09:13,00:03,"이동 준비, 이동 등",생활,이동,,,,
10.03.2023,Fri,09:13,09:15,00:02,화장실,생활,화장실,,,,
10.03.2023,Fri,09:15,09:26,00:11,화장실,생활,화장실,,,,
10.03.2023,Fri,09:26,09:28,00:02,"이동 준비, 이동 등",생활,이동,,,,
10.03.2023,Fri,09:28,09:39,00:11,"복사, 인쇄, 출력 등 행정",,,,,,
10.03.2023,Fri,09:39,09:41,00:02,"이동 준비, 이동 등",생활,이동,,,,
10.03.2023,Fri,09:41,09:48,00:07,"이동 준비, 이동 등",생활,이동,,,,
10.03.2023,Fri,09:48,09:52,00:04,"수강 신청, 계획 등",,,,,,
10.03.2023,Fri,09:52,09:57,00:05,"이동 준비, 이동 등",생활,이동,,,,
10.03.2023,Fri,09:57,10:00,00:03,도서 책 정보 수집 및 구입 대출 등,정보,"책 정보 수집, 구입, 대출 등",,,,
10.03.2023,Fri,10:00,10:24,00:24,"수강 신청, 계획 등",,,,,,
10.03.2023,Fri,10:24,10:26,00:02,"이동 준비, 이동 등",생활,이동,,,,
10.03.2023,Fri,10:26,10:32,00:06,도서 책 정보 수집 및 구입 대출 등,정보,"책 정보 수집, 구입, 대출 등",,,,
10.03.2023,Fri,10:32,10:45,00:13,"이동 준비, 이동 등",생활,이동,,,,
10.03.2023,Fri,10:45,10:58,00:13,인터뷰 응대 등,,,,,,
10.03.2023,Fri,10:58,11:16,00:18,"이동 준비, 이동 등",생활,이동,,,,
10.03.2023,Fri,11:16,11:20,00:04,"이동 준비, 이동 등",생활,이동,,,,
10.03.2023,Fri,11:20,11:39,00:19,"식사 탐색, 준비, 식사, 뒤처리",생활,식사,,,,
10.03.2023,Fri,11:39,11:41,00:02,"이동 준비, 이동 등",생활,이동,,,,
10.03.2023,Fri,11:41,11:43,00:02,화장실,생활,화장실,,,,
10.03.2023,Fri,11:43,11:44,00:01,"이동 준비, 이동 등",생활,이동,,,,
10.03.2023,Fri,11:44,12:21,00:37,고전음악감상실 운영 등,,,,,,
10.03.2023,Fri,12:21,13:13,00:52,고전음악감상실 운영 등,,,,,,
10.03.2023,Fri,13:13,13:29,00:16,"이동 준비, 이동 등",생활,이동,,,,
10.03.2023,Fri,13:29,13:30,00:01,고전음악감상실 세미나 준비 등,,,,,,
10.03.2023,Fri,13:30,13:52,00:22,고전음악감상실 세미나 준비 등,,,,,,
10.03.2023,Fri,13:52,13:57,00:05,"이동 준비, 이동 등",생활,이동,,,,
10.03.2023,Fri,13:57,14:26,00:29,"비일상품 구매, 탐색, 행정 처리",,,,,,
10.03.2023,Fri,14:26,14:34,00:08,"이동 준비, 이동 등",생활,이동,,,,
10.03.2023,Fri,14:34,14:35,00:01,고전음악감상실 세미나 준비 등,,,,,,
10.03.2023,Fri,14:35,14:47,00:12,"이동 준비, 이동 등",생활,이동,,,,
10.03.2023,Fri,14:47,14:49,00:02,고전음악감상실 세미나 준비 등,,,,,,
10.03.2023,Fri,14:49,15:03,00:14,"이동 준비, 이동 등",생활,이동,,,,
10.03.2023,Fri,15:03,17:09,02:06,고전음악감상실 세미나 준비 등,,,,,,
10.03.2023,Fri,17:09,17:11,00:02,화장실,생활,화장실,,,,
10.03.2023,Fri,17:11,17:37,00:26,고전음악감상실 세미나 준비 등,,,,,,
10.03.2023,Fri,17:37,17:52,00:15,"이동 준비, 이동 등",생활,이동,,,,
10.03.2023,Fri,17:52,18:17,00:25,"식사 탐색, 준비, 식사, 뒤처리",생활,식사,,,,
10.03.2023,Fri,18:17,18:24,00:07,"이동 준비, 이동 등",생활,이동,,,,
10.03.2023,Fri,18:24,18:27,00:03,"비일상품 구매, 탐색, 행정 처리",,,,,,
10.03.2023,Fri,18:27,18:29,00:02,"이동 준비, 이동 등",생활,이동,,,,
10.03.2023,Fri,18:29,18:33,00:04,대화,,,,,,
10.03.2023,Fri,18:33,18:38,00:05,"이동 준비, 이동 등",생활,이동,,,,
10.03.2023,Fri,18:38,18:46,00:08,고전음악감상실 세미나 준비 등,,,,,,
10.03.2023,Fri,18:46,18:52,00:06,"일상 계획, 일정 조정, 기록, 수정, 조회, 일일 예결산 등",행정,"일상 계획, 조정, 결산",,,,
10.03.2023,Fri,18:52,18:58,00:06,"수강 신청, 계획 등",,,,,,
10.03.2023,Fri,18:58,19:08,00:10,"메일 확인, 작성 등",,,,,문기옥,
10.03.2023,Fri,19:08,19:18,00:10,"학습 자료, 교재 획득, 수집, 정리, 확인",행정,학습 자료 정리,,,,
10.03.2023,Fri,19:18,19:22,00:04,"이동 준비, 이동 등",생활,이동,,,,
10.03.2023,Fri,19:22,19:22,00:00,도서 책 정보 수집 및 구입 대출 등,정보,"책 정보 수집, 구입, 대출 등",,,,
Total,2,,,43:22,,,,,,,