Date,Day,Check-In,Check-Out,Total,Task,Task Extra 1,Task Extra 2,Task Extra 3,Task Extra 4,Client,Work unit notes
10.03.2023,Fri,00:00,04:38,04:38,잠,잠,잠,,,,
10.03.2023,Fri,04:38,04:51,00:13,인터넷 커뮤니티 고파스 서핑,,,,,,
10.03.2023,Fri,04:51,05:27,00:36,"수강 신청, 계획 등",,,,,,
10.03.2023,Fri,05:27,05:41,00:14,도서 책 정보 수집 및 구입 대출 등,정보,"책 정보 수집, 구입, 대출 등",,,,
10.03.2023,Fri,05:41,06:06,00:25,"샤워 준비, 실행, 뒤처리 등",생활,씻기,,,,
10.03.2023,Fri,06:06,06:39,00:33,"식사 탐색, 준비, 식사, 뒤처리",생활,식사,,,,
10.03.2023,Fri,06:39,06:43,00:04,"과일 준비, 먹기, 뒤처리",식사,과일,,,,
10.03.2023,Fri,06:43,06:55,00:12,양치질,생활,양치질,,,,
10.03.2023,Fri,06:55,07:05,00:10,"이동 준비, 이동 등",생활,이동,,,,
10.03.2023,Fri,07:05,07:14,00:09,"이동 준비, 이동 등",생활,이동,,,,
10.03.2023,Fri,07:14,07:29,00:15,"이동 준비, 이동 등",생활,이동,,,,
10.03.2023,Fri,07:29,07:32,00:03,Kbs 유튜브 탑골정치 시청 등,,,,,,
10.03.2023,Fri,07:32,07:45,00:13,노태우 관련 영상 등 시청,,,,,,
10.03.2023,Fri,07:45,07:48,00:03,"이동 준비, 이동 등",생활,이동,,,,
10.03.2023,Fri,07:48,07:59,00:11,노태우 관련 영상 등 시청,,,,,,
10.03.2023,Fri,07:59,08:09,00:10,김영삼 인터뷰 등 관련 영상 등 시청,,,,,,
10.03.2023,Fri,08:09,08:13,00:04,"이동 준비, 이동 등",생활,이동,,,,
10.03.2023,Fri,08:13,08:21,00:08,인터넷 커뮤니티 고파스 서핑,,,,,,
10.03.2023,Fri,08:21,08:25,00:04,"이동 준비, 이동 등",생활,이동,,,,
10.03.2023,Fri,08:25,08:26,00:01,인터넷 커뮤니티 고파스 서핑,,,,,,
10.03.2023,Fri,08:26,08:28,00:02,"수강 신청, 계획 등",,,,,,
10.03.2023,Fri,08:28,08:32,00:04,인터넷 커뮤니티 고파스 서핑,,,,,,
10.03.2023,Fri,08:32,08:47,00:15,"이동 준비, 이동 등",생활,이동,,,,
10.03.2023,Fri,08:47,08:57,00:10,주변 기기 관리 및 지식 획득 등,행정,주변 기기 관리 및 지식 획득 등,,,,
10.03.2023,Fri,08:57,09:10,00:13,"수강 신청, 계획 등",,,,,,
10.03.2023,Fri,09:10,09:13,00:03,"이동 준비, 이동 등",생활,이동,,,,
10.03.2023,Fri,09:13,09:15,00:02,화장실,생활,화장실,,,,
10.03.2023,Fri,09:15,09:26,00:11,화장실,생활,화장실,,,,
10.03.2023,Fri,09:26,09:28,00:02,"이동 준비, 이동 등",생활,이동,,,,
10.03.2023,Fri,09:28,09:39,00:11,"복사, 인쇄, 출력 등 행정",,,,,,
10.03.2023,Fri,09:39,09:41,00:02,"이동 준비, 이동 등",생활,이동,,,,
10.03.2023,Fri,09:41,09:48,00:07,"이동 준비, 이동 등",생활,이동,,,,
10.03.2023,Fri,09:48,09:52,00:04,"수강 신청, 계획 등",,,,,,
10.03.2023,Fri,09:52,09:57,00:05,"이동 준비, 이동 등",생활,이동,,,,
10.03.2023,Fri,09:57,10:00,00:03,도서 책 정보 수집 및 구입 대출 등,정보,"책 정보 수집, 구입, 대출 등",,,,
10.03.2023,Fri,10:00,10:24,00:24,"수강 신청, 계획 등",,,,,,
10.03.2023,Fri,10:24,10:26,00:02,"이동 준비, 이동 등",생활,이동,,,,
10.03.2023,Fri,10:26,10:32,00:06,도서 책 정보 수집 및 구입 대출 등,정보,"책 정보 수집, 구입, 대출 등",,,,
10.03.2023,Fri,10:32,10:45,00:13,"이동 준비, 이동 등",생활,이동,,,,
10.03.2023,Fri,10:45,10:58,00:13,인터뷰 응대 등,,,,,,
10.03.2023,Fri,10:58,11:16,00:18,"이동 준비, 이동 등",생활,이동,,,,
10.03.2023,Fri,11:16,11:20,00:04,"이동 준비, 이동 등",생활,이동,,,,
10.03.2023,Fri,11:20,11:39,00:19,"식사 탐색, 준비, 식사, 뒤처리",생활,식사,,,,
10.03.2023,Fri,11:39,11:41,00:02,"이동 준비, 이동 등",생활,이동,,,,
10.03.2023,Fri,11:41,11:43,00:02,화장실,생활,화장실,,,,
10.03.2023,Fri,11:43,11:44,00:01,"이동 준비, 이동 등",생활,이동,,,,
10.03.2023,Fri,11:44,12:21,00:37,고전음악감상실 운영 등,,,,,,
10.03.2023,Fri,12:21,13:13,00:52,고전음악감상실 운영 등,,,,,,
10.03.2023,Fri,13:13,13:29,00:16,"이동 준비, 이동 등",생활,이동,,,,
10.03.2023,Fri,13:29,13:30,00:01,고전음악감상실 세미나 준비 등,,,,,,
10.03.2023,Fri,13:30,13:52,00:22,고전음악감상실 세미나 준비 등,,,,,,
10.03.2023,Fri,13:52,13:57,00:05,"이동 준비, 이동 등",생활,이동,,,,
10.03.2023,Fri,13:57,14:26,00:29,"비일상품 구매, 탐색, 행정 처리",,,,,,
10.03.2023,Fri,14:26,14:34,00:08,"이동 준비, 이동 등",생활,이동,,,,
10.03.2023,Fri,14:34,14:35,00:01,고전음악감상실 세미나 준비 등,,,,,,
10.03.2023,Fri,14:35,14:47,00:12,"이동 준비, 이동 등",생활,이동,,,,
10.03.2023,Fri,14:47,14:49,00:02,고전음악감상실 세미나 준비 등,,,,,,
10.03.2023,Fri,14:49,15:03,00:14,"이동 준비, 이동 등",생활,이동,,,,
10.03.2023,Fri,15:03,17:09,02:06,고전음악감상실 세미나 준비 등,,,,,,
10.03.2023,Fri,17:09,17:11,00:02,화장실,생활,화장실,,,,
10.03.2023,Fri,17:11,17:37,00:26,고전음악감상실 세미나 준비 등,,,,,,
10.03.2023,Fri,17:37,17:52,00:15,"이동 준비, 이동 등",생활,이동,,,,
10.03.2023,Fri,17:52,18:17,00:25,"식사 탐색, 준비, 식사, 뒤처리",생활,식사,,,,
10.03.2023,Fri,18:17,18:24,00:07,"이동 준비, 이동 등",생활,이동,,,,
10.03.2023,Fri,18:24,18:27,00:03,"비일상품 구매, 탐색, 행정 처리",,,,,,
10.03.2023,Fri,18:27,18:29,00:02,"이동 준비, 이동 등",생활,이동,,,,
10.03.2023,Fri,18:29,18:33,00:04,대화,,,,,,
10.03.2023,Fri,18:33,18:38,00:05,"이동 준비, 이동 등",생활,이동,,,,
10.03.2023,Fri,18:38,18:46,00:08,고전음악감상실 세미나 준비 등,,,,,,
10.03.2023,Fri,18:46,18:52,00:06,"일상 계획, 일정 조정, 기록, 수정, 조회, 일일 예결산 등",행정,"일상 계획, 조정, 결산",,,,
10.03.2023,Fri,18:52,18:58,00:06,"수강 신청, 계획 등",,,,,,
10.03.2023,Fri,18:58,19:08,00:10,"메일 확인, 작성 등",,,,,문기옥,
10.03.2023,Fri,19:08,19:18,00:10,"학습 자료, 교재 획득, 수집, 정리, 확인",행정,학습 자료 정리,,,,
10.03.2023,Fri,19:18,19:22,00:04,"이동 준비, 이동 등",생활,이동,,,,
10.03.2023,Fri,19:22,19:23,00:01,도서 책 정보 수집 및 구입 대출 등,정보,"책 정보 수집, 구입, 대출 등",,,,
10.03.2023,Fri,19:23,19:24,00:01,Project Open,,,,,문기옥,
10.03.2023,Fri,19:24,19:26,00:02,"이동 준비, 이동 등",생활,이동,,,,
10.03.2023,Fri,19:26,21:11,01:45,"이동 준비, 이동 등",생활,이동,,,,
10.03.2023,Fri,21:11,21:31,00:20,대화,,,,,,
10.03.2023,Fri,21:31,22:23,00:52,고전음악감상실 세미나 준비 등,,,,,,
10.03.2023,Fri,22:23,22:26,00:03,Duolingo 스페인어 (<-영어),공부,스페인어,,,,
10.03.2023,Fri,22:26,22:29,00:03,"Duolingo Duo 사진 영상 보기, 모으기, 자르기",여가,Duo Duolingo,,,,
10.03.2023,Fri,22:29,22:31,00:02,"카카오톡, 밴드 등 메시지 작성, 검토, 전송, 확인, 사후 재검토 등",행정,카카오톡 전송,,,,
10.03.2023,Fri,22:31,22:33,00:02,"Duolingo Duo 사진 영상 보기, 모으기, 자르기",여가,Duo Duolingo,,,,
10.03.2023,Fri,22:33,22:35,00:02,"카카오톡, 밴드 등 메시지 작성, 검토, 전송, 확인, 사후 재검토 등",행정,카카오톡 전송,,,,
10.03.2023,Fri,22:35,22:38,00:03,물건 씻기 닦기,생활,"물품 씻기, 닦기",,,,
10.03.2023,Fri,22:38,23:01,00:23,"샤워 준비, 실행, 뒤처리 등",생활,씻기,,,,
10.03.2023,Fri,23:01,23:03,00:02,"이불 깔기, 이불 커버 베갯닛 씌우기, 잘 준비, 알람 설정",수면,수면 준비,,,,
10.03.2023,Fri,23:03,23:37,00:34,무한도전 시청,,,,,,
10.03.2023,Fri,23:37,00:00,00:23,잠,잠,잠,,,,
11.03.2023,Sat,00:00,04:42,04:42,잠,잠,잠,,,,
11.03.2023,Sat,04:42,04:50,00:08,인터넷 커뮤니티 고파스 서핑,,,,,,
11.03.2023,Sat,04:50,09:09,04:19,잠,잠,잠,,,,
11.03.2023,Sat,09:09,09:12,00:03,화장실,생활,화장실,,,,
11.03.2023,Sat,09:12,09:44,00:32,"식사 탐색, 준비, 식사, 뒤처리",생활,식사,,,,
11.03.2023,Sat,09:44,09:50,00:06,"과일 준비, 먹기, 뒤처리",식사,과일,,,,
11.03.2023,Sat,09:50,11:50,02:00,무한도전 시청,,,,,,
11.03.2023,Sat,11:50,12:35,00:45,잠,잠,잠,,,,
11.03.2023,Sat,12:35,12:37,00:02,인터넷 커뮤니티 고파스 서핑,,,,,,
11.03.2023,Sat,12:37,12:42,00:05,"국내 언론 기사, 지면 인터뷰, 연재물 등 확인",정보,언론,,,,
11.03.2023,Sat,12:42,12:48,00:06,인터넷 서핑,여가,인터넷 서핑,,,,
11.03.2023,Sat,12:48,13:02,00:14,게임 리그 오브 레전드 LCK 시청,,,,,,
11.03.2023,Sat,13:02,13:06,00:04,화장실,생활,화장실,,,,
11.03.2023,Sat,13:06,13:08,00:02,"공부 자리 준비, 정리, 사용 앱 등 환경 설정, 다음 공부 강의 재생 등 준비",행정,자리 정리,,,,
11.03.2023,Sat,13:08,13:10,00:02,"메일 확인, 작성 등",,,,,문기옥,
11.03.2023,Sat,13:10,13:36,00:26,"샤워 준비, 실행, 뒤처리 등",생활,씻기,,,,
11.03.2023,Sat,13:36,13:41,00:05,"손톱, 발톱, 굳은살 깎기",생활,"손톱, 발톱 깎기",,,,
11.03.2023,Sat,13:41,13:49,00:08,"학습 자료, 교재 획득, 수집, 정리, 확인",행정,학습 자료 정리,,,,
11.03.2023,Sat,13:49,14:01,00:12,"이동 준비, 이동 등",생활,이동,,,,
11.03.2023,Sat,14:01,14:15,00:14,"이동 준비, 이동 등",생활,이동,,,,
11.03.2023,Sat,14:15,14:30,00:15,시험 법학적성시험 LEET 추리논증 공부,,,,,문기옥,
11.03.2023,Sat,14:30,14:31,00:01,"이동 준비, 이동 등",생활,이동,,,,
11.03.2023,Sat,14:31,14:57,00:26,시험 법학적성시험 LEET 추리논증 공부,,,,,문기옥,
11.03.2023,Sat,14:57,15:00,00:03,"이동 준비, 이동 등",생활,이동,,,,
11.03.2023,Sat,15:00,15:10,00:10,시험 법학적성시험 LEET 추리논증 공부,,,,,문기옥,
11.03.2023,Sat,15:10,15:14,00:04,"이동 준비, 이동 등",생활,이동,,,,
11.03.2023,Sat,15:14,15:26,00:12,시험 법학적성시험 LEET 추리논증 공부,,,,,문기옥,
11.03.2023,Sat,15:26,15:33,00:07,"이동 준비, 이동 등",생활,이동,,,,
11.03.2023,Sat,15:33,15:36,00:03,물건 찾기,,,,,문기옥,
11.03.2023,Sat,15:36,15:38,00:02,화장실,생활,화장실,,,,
11.03.2023,Sat,15:38,15:42,00:04,"공부 자리 준비, 정리, 사용 앱 등 환경 설정, 다음 공부 강의 재생 등 준비",행정,자리 정리,,,,
11.03.2023,Sat,15:42,15:58,00:16,시험 법학적성시험 LEET 추리논증 공부,,,,,문기옥,
11.03.2023,Sat,15:58,16:00,00:02,인터넷 서핑,여가,인터넷 서핑,,,,
11.03.2023,Sat,16:00,16:02,00:02,"이동 준비, 이동 등",생활,이동,,,,
11.03.2023,Sat,16:02,16:04,00:02,화장실,생활,화장실,,,,
11.03.2023,Sat,16:04,16:11,00:07,화장실,생활,화장실,,,,
11.03.2023,Sat,16:11,16:15,00:04,"이동 준비, 이동 등",생활,이동,,,,
11.03.2023,Sat,16:15,16:17,00:02,"비일상품 구매, 탐색, 행정 처리",,,,,,
11.03.2023,Sat,16:17,16:33,00:16,"식사 탐색, 준비, 식사, 뒤처리",생활,식사,,,,
11.03.2023,Sat,16:33,16:34,00:01,"비일상품 구매, 탐색, 행정 처리",,,,,,
11.03.2023,Sat,16:34,16:38,00:04,"이동 준비, 이동 등",생활,이동,,,,
11.03.2023,Sat,16:38,16:47,00:09,라디오/유튜브 시사 정치인싸 시청,정보,정치,,,,
11.03.2023,Sat,16:47,17:52,01:05,시험 법학적성시험 LEET 추리논증 공부,,,,,문기옥,
11.03.2023,Sat,17:52,18:18,00:26,휴식,생활,휴식,,,,
11.03.2023,Sat,18:18,18:29,00:11,시험 법학적성시험 LEET 추리논증 공부,,,,,문기옥,
11.03.2023,Sat,18:29,18:32,00:03,"카카오톡, 밴드 등 메시지 작성, 검토, 전송, 확인, 사후 재검토 등",행정,카카오톡 전송,,,,
11.03.2023,Sat,18:32,18:41,00:09,시험 법학적성시험 LEET 추리논증 공부,,,,,문기옥,
11.03.2023,Sat,18:41,18:48,00:07,"카카오톡, 밴드 등 메시지 작성, 검토, 전송, 확인, 사후 재검토 등",행정,카카오톡 전송,,,,
11.03.2023,Sat,18:48,19:18,00:30,시험 법학적성시험 LEET 추리논증 공부,,,,,문기옥,
11.03.2023,Sat,19:18,19:19,00:01,"카카오톡, 밴드 등 메시지 작성, 검토, 전송, 확인, 사후 재검토 등",행정,카카오톡 전송,,,,
11.03.2023,Sat,19:19,19:21,00:02,시험 법학적성시험 LEET 추리논증 공부,,,,,문기옥,
11.03.2023,Sat,19:21,19:29,00:08,"카카오톡, 밴드 등 메시지 작성, 검토, 전송, 확인, 사후 재검토 등",행정,카카오톡 전송,,,,
11.03.2023,Sat,19:29,19:30,00:01,"카카오톡, 밴드 등 메시지 작성, 검토, 전송, 확인, 사후 재검토 등",행정,카카오톡 전송,,,,
11.03.2023,Sat,19:30,19:33,00:03,"이동 준비, 이동 등",생활,이동,,,,
11.03.2023,Sat,19:33,19:40,00:07,화장실,생활,화장실,,,,
11.03.2023,Sat,19:40,19:44,00:04,"이동 준비, 이동 등",생활,이동,,,,
11.03.2023,Sat,19:44,19:55,00:11,"이동 준비, 이동 등",생활,이동,,,,
11.03.2023,Sat,19:55,20:08,00:13,Duolingo 스페인어 (<-영어),공부,스페인어,,,,
11.03.2023,Sat,20:08,20:12,00:04,"이동 준비, 이동 등",생활,이동,,,,
11.03.2023,Sat,20:12,20:20,00:08,Duolingo 스페인어 (<-영어),공부,스페인어,,,,
11.03.2023,Sat,20:20,20:23,00:03,"이동 준비, 이동 등",생활,이동,,,,
11.03.2023,Sat,20:23,20:30,00:07,이탈리아 가곡 학습,,,,,,
11.03.2023,Sat,20:30,20:30,00:00,Project Open,,,,,문기옥,
Total,2,,,44:30,,,,,,,