Date,Day,Check-In,Check-Out,Total,Task,Task Extra 1,Task Extra 2,Task Extra 3,Task Extra 4,Client,Work unit notes
08.03.2023,Wed,00:00,00:17,00:17,"샤워 준비, 실행, 뒤처리 등",생활,씻기,,,,
08.03.2023,Wed,00:17,00:19,00:02,"이불 깔기, 이불 커버 베갯닛 씌우기, 잘 준비, 알람 설정",수면,수면 준비,,,,
08.03.2023,Wed,00:19,00:45,00:26,"이준석 인터뷰, 강연, 방송 시청",,,,,,
08.03.2023,Wed,00:45,01:05,00:20,김영삼 인터뷰 등 관련 영상 등 시청,,,,,,
08.03.2023,Wed,01:05,01:13,00:08,물건 찾기,,,,,문기옥,
08.03.2023,Wed,01:13,01:36,00:23,"연락처, 전화 번호 등 찾기",,,,,,
08.03.2023,Wed,01:36,01:40,00:04,인터넷 서핑,여가,인터넷 서핑,,,,
08.03.2023,Wed,01:40,01:52,00:12,무한도전 시청,,,,,,
08.03.2023,Wed,01:52,05:45,03:53,잠,잠,잠,,,,
08.03.2023,Wed,05:45,05:55,00:10,"수강 신청, 계획 등",,,,,,
08.03.2023,Wed,05:55,05:57,00:02,"식사 탐색, 준비, 식사, 뒤처리",생활,식사,,,,
08.03.2023,Wed,05:57,06:01,00:04,"과일 준비, 먹기, 뒤처리",식사,과일,,,,
08.03.2023,Wed,06:01,06:27,00:26,"식사 탐색, 준비, 식사, 뒤처리",생활,식사,,,,
08.03.2023,Wed,06:27,06:43,00:16,대화,,,,,,
08.03.2023,Wed,06:43,06:45,00:02,"식사 탐색, 준비, 식사, 뒤처리",생활,식사,,,,
08.03.2023,Wed,06:45,07:09,00:24,"샤워 준비, 실행, 뒤처리 등",생활,씻기,,,,
08.03.2023,Wed,07:09,07:14,00:05,양치질,생활,양치질,,,,
08.03.2023,Wed,07:14,07:19,00:05,"이동 준비, 이동 등",생활,이동,,,,
08.03.2023,Wed,07:19,07:31,00:12,"이동 준비, 이동 등",생활,이동,,,,
08.03.2023,Wed,07:31,07:46,00:15,책 이준석의 거부할 수 없는 미래 (이준석),,,,,,
08.03.2023,Wed,07:46,07:48,00:02,"이동 준비, 이동 등",생활,이동,,,,
08.03.2023,Wed,07:48,08:09,00:21,책 이준석의 거부할 수 없는 미래 (이준석),,,,,,
08.03.2023,Wed,08:09,08:12,00:03,"이동 준비, 이동 등",생활,이동,,,,
08.03.2023,Wed,08:12,08:21,00:09,책 이준석의 거부할 수 없는 미래 (이준석),,,,,,
08.03.2023,Wed,08:21,08:26,00:05,"이동 준비, 이동 등",생활,이동,,,,
08.03.2023,Wed,08:26,08:38,00:12,책 이준석의 거부할 수 없는 미래 (이준석),,,,,,
08.03.2023,Wed,08:38,08:48,00:10,"이동 준비, 이동 등",생활,이동,,,,
08.03.2023,Wed,08:48,08:50,00:02,"공부 자리 준비, 정리, 사용 앱 등 환경 설정, 다음 공부 강의 재생 등 준비",행정,자리 정리,,,,
08.03.2023,Wed,08:50,09:01,00:11,책 이준석의 거부할 수 없는 미래 (이준석),,,,,,
08.03.2023,Wed,09:01,10:16,01:15,"반도체 공학 I (유현용 교수님) 수강, 수험, 행정 등",,,,,,
08.03.2023,Wed,10:16,10:20,00:04,"이동 준비, 이동 등",생활,이동,,,,
08.03.2023,Wed,10:20,10:22,00:02,"일상 계획, 일정 조정, 기록, 수정, 조회, 일일 예결산 등",행정,"일상 계획, 조정, 결산",,,,
08.03.2023,Wed,10:22,10:23,00:01,"학사 정보, 공지사항 확인 및 행정 등",,,,,문기옥,
08.03.2023,Wed,10:23,11:13,00:50,책 이준석의 거부할 수 없는 미래 (이준석),,,,,,
08.03.2023,Wed,11:13,11:16,00:03,화장실,생활,화장실,,,,
08.03.2023,Wed,11:16,11:27,00:11,화장실,생활,화장실,,,,
08.03.2023,Wed,11:27,11:35,00:08,인터넷 커뮤니티 고파스 서핑,,,,,,
08.03.2023,Wed,11:35,11:44,00:09,책 이준석의 거부할 수 없는 미래 (이준석),,,,,,
08.03.2023,Wed,11:44,11:49,00:05,"이동 준비, 이동 등",생활,이동,,,,
08.03.2023,Wed,11:49,11:52,00:03,"전자장 (전상근 교수님) 수강, 수험, 행정 등",,,,,,
08.03.2023,Wed,11:52,12:00,00:08,책 이준석의 거부할 수 없는 미래 (이준석),,,,,,
08.03.2023,Wed,12:00,13:17,01:17,"전자장 (전상근 교수님) 수강, 수험, 행정 등",,,,,,
08.03.2023,Wed,13:17,13:24,00:07,"이동 준비, 이동 등",생활,이동,,,,
08.03.2023,Wed,13:24,13:43,00:19,"식사 탐색, 준비, 식사, 뒤처리",생활,식사,,,,
08.03.2023,Wed,13:43,13:48,00:05,"이동 준비, 이동 등",생활,이동,,,,
08.03.2023,Wed,13:48,13:53,00:05,화장실,생활,화장실,,,,
08.03.2023,Wed,13:53,13:55,00:02,"공부 자리 준비, 정리, 사용 앱 등 환경 설정, 다음 공부 강의 재생 등 준비",행정,자리 정리,,,,
08.03.2023,Wed,13:55,14:01,00:06,책 이준석의 거부할 수 없는 미래 (이준석),,,,,,
08.03.2023,Wed,14:01,15:07,01:06,"전력공학I (이병준 교수님) 수강, 수험, 행정 등",,,,,,
08.03.2023,Wed,15:07,15:15,00:08,대화,,,,,,
08.03.2023,Wed,15:15,15:18,00:03,"이동 준비, 이동 등",생활,이동,,,,
08.03.2023,Wed,15:18,15:21,00:03,화장실,생활,화장실,,,,
08.03.2023,Wed,15:21,15:26,00:05,책 이준석의 거부할 수 없는 미래 (이준석),,,,,,
08.03.2023,Wed,15:26,15:28,00:02,"카카오톡, 밴드 등 메시지 작성, 검토, 전송, 확인, 사후 재검토 등",행정,카카오톡 전송,,,,
08.03.2023,Wed,15:28,15:30,00:02,"수강 신청, 계획 등",,,,,,
08.03.2023,Wed,15:30,15:33,00:03,책 이준석의 거부할 수 없는 미래 (이준석),,,,,,
08.03.2023,Wed,15:33,16:50,01:17,"RF공학 (전상근 교수님) 수강, 수험, 행정 등",,,,,,
08.03.2023,Wed,16:50,16:56,00:06,"이동 준비, 이동 등",생활,이동,,,,
08.03.2023,Wed,16:56,16:58,00:02,"카카오톡, 밴드 등 메시지 작성, 검토, 전송, 확인, 사후 재검토 등",행정,카카오톡 전송,,,,
08.03.2023,Wed,16:58,16:59,00:01,"공부 자리 준비, 정리, 사용 앱 등 환경 설정, 다음 공부 강의 재생 등 준비",행정,자리 정리,,,,
08.03.2023,Wed,16:59,17:00,00:01,"이동 준비, 이동 등",생활,이동,,,,
08.03.2023,Wed,17:00,17:02,00:02,"사물함 관련 행정, 정리 등",,,,,,
08.03.2023,Wed,17:02,17:03,00:01,"이동 준비, 이동 등",생활,이동,,,,
08.03.2023,Wed,17:03,17:05,00:02,화장실,생활,화장실,,,,
08.03.2023,Wed,17:05,17:09,00:04,화장실,생활,화장실,,,,
08.03.2023,Wed,17:09,17:24,00:15,"국민의힘 당 대표, 최고위원 선출 전당대회 연설, 토론 시청",,,,,,
08.03.2023,Wed,17:24,17:27,00:03,"이동 준비, 이동 등",생활,이동,,,,
08.03.2023,Wed,17:27,17:40,00:13,"수강 신청, 계획 등",,,,,,
08.03.2023,Wed,17:40,17:42,00:02,"이동 준비, 이동 등",생활,이동,,,,
08.03.2023,Wed,17:42,17:48,00:06,"수강 신청, 계획 등",,,,,,
08.03.2023,Wed,17:48,18:17,00:29,"이동 준비, 이동 등",생활,이동,,,,
08.03.2023,Wed,18:17,20:14,01:57,"수강 신청, 계획 등",,,,,,
08.03.2023,Wed,20:14,20:19,00:05,"이동 준비, 이동 등",생활,이동,,,,
08.03.2023,Wed,20:19,20:24,00:05,"수강 신청, 계획 등",,,,,,
08.03.2023,Wed,20:24,20:30,00:06,"이동 준비, 이동 등",생활,이동,,,,
08.03.2023,Wed,20:30,20:36,00:06,"수강 신청, 계획 등",,,,,,
08.03.2023,Wed,20:36,20:37,00:01,"이동 준비, 이동 등",생활,이동,,,,
08.03.2023,Wed,20:37,20:49,00:12,"수강 신청, 계획 등",,,,,,
08.03.2023,Wed,20:49,20:51,00:02,"이동 준비, 이동 등",생활,이동,,,,
08.03.2023,Wed,20:51,21:13,00:22,"수강 신청, 계획 등",,,,,,
08.03.2023,Wed,21:13,21:17,00:04,"이동 준비, 이동 등",생활,이동,,,,
08.03.2023,Wed,21:17,21:31,00:14,"수강 신청, 계획 등",,,,,,
08.03.2023,Wed,21:31,21:51,00:20,"이동 준비, 이동 등",생활,이동,,,,
08.03.2023,Wed,21:51,22:03,00:12,"스마트폰, 태블릿 관리, 앱 설치, 설정 등",행정,스마트폰 관리,,,,
08.03.2023,Wed,22:03,22:07,00:04,"수강 신청, 계획 등",,,,,,
08.03.2023,Wed,22:07,22:16,00:09,"스마트폰, 태블릿 관리, 앱 설치, 설정 등",행정,스마트폰 관리,,,,
08.03.2023,Wed,22:16,22:19,00:03,"카카오톡, 밴드 등 메시지 작성, 검토, 전송, 확인, 사후 재검토 등",행정,카카오톡 전송,,,,
08.03.2023,Wed,22:19,22:30,00:11,"수강 신청, 계획 등",,,,,,
08.03.2023,Wed,22:30,22:54,00:24,"식사 탐색, 준비, 식사, 뒤처리",생활,식사,,,,
08.03.2023,Wed,22:54,23:09,00:15,"과일 준비, 먹기, 뒤처리",식사,과일,,,,
08.03.2023,Wed,23:09,23:11,00:02,Project Open,,,,,문기옥,
08.03.2023,Wed,23:11,23:14,00:03,인터넷 커뮤니티 고파스 서핑,,,,,,
08.03.2023,Wed,23:14,23:18,00:04,Duolingo 스페인어 (<-영어),공부,스페인어,,,,
08.03.2023,Wed,23:18,23:40,00:22,"수강 신청, 계획 등",,,,,,
08.03.2023,Wed,23:40,23:42,00:02,"수강 신청, 계획 등",,,,,,
08.03.2023,Wed,23:42,23:47,00:05,씻기 닦기,생활,"씻기, 닦기",,,,
08.03.2023,Wed,23:47,23:56,00:09,양치질,생활,양치질,,,,
08.03.2023,Wed,23:56,23:58,00:02,"이불 깔기, 이불 커버 베갯닛 씌우기, 잘 준비, 알람 설정",수면,수면 준비,,,,
08.03.2023,Wed,23:58,00:00,00:02,"수강 신청, 계획 등",,,,,,
09.03.2023,Thu,00:00,00:12,00:12,"수강 신청, 계획 등",,,,,,
09.03.2023,Thu,00:12,00:20,00:08,무한도전 시청,,,,,,
09.03.2023,Thu,00:20,05:41,05:21,잠,잠,잠,,,,
09.03.2023,Thu,05:41,05:46,00:05,"수강 신청, 계획 등",,,,,,
09.03.2023,Thu,05:46,05:50,00:04,하이퍼텍스트와 계산 가능성 (박성빈 교수님) 공부,,,,,,
09.03.2023,Thu,05:50,05:56,00:06,"일상 계획, 일정 조정, 기록, 수정, 조회, 일일 예결산 등",행정,"일상 계획, 조정, 결산",,,,
09.03.2023,Thu,05:56,05:58,00:02,"식사 탐색, 준비, 식사, 뒤처리",생활,식사,,,,
09.03.2023,Thu,05:58,05:59,00:01,화장실,생활,화장실,,,,
09.03.2023,Thu,05:59,06:24,00:25,"식사 탐색, 준비, 식사, 뒤처리",생활,식사,,,,
09.03.2023,Thu,06:24,06:48,00:24,"샤워 준비, 실행, 뒤처리 등",생활,씻기,,,,
09.03.2023,Thu,06:48,06:50,00:02,면도,,,,,,
09.03.2023,Thu,06:50,06:54,00:04,"이동 준비, 이동 등",생활,이동,,,,
09.03.2023,Thu,06:54,07:07,00:13,"이동 준비, 이동 등",생활,이동,,,,
09.03.2023,Thu,07:07,07:19,00:12,책 음악 수학 <Musix A Mathematical Offering> (David J. Benson; 추정호),,,,,,
09.03.2023,Thu,07:19,07:23,00:04,"이동 준비, 이동 등",생활,이동,,,,
09.03.2023,Thu,07:23,07:43,00:20,책 음악 수학 <Musix A Mathematical Offering> (David J. Benson; 추정호),,,,,,
09.03.2023,Thu,07:43,07:47,00:04,"이동 준비, 이동 등",생활,이동,,,,
09.03.2023,Thu,07:47,07:49,00:02,책 음악 수학 <Musix A Mathematical Offering> (David J. Benson; 추정호),,,,,,
09.03.2023,Thu,07:49,07:57,00:08,고전음악감상실 세미나 준비 등,,,,,,
09.03.2023,Thu,07:57,08:01,00:04,"이동 준비, 이동 등",생활,이동,,,,
09.03.2023,Thu,08:01,08:08,00:07,고전음악감상실 세미나 준비 등,,,,,,
09.03.2023,Thu,08:08,08:22,00:14,"이동 준비, 이동 등",생활,이동,,,,
09.03.2023,Thu,08:22,08:24,00:02,화장실,생활,화장실,,,,
09.03.2023,Thu,08:24,08:29,00:05,"공부 자리 준비, 정리, 사용 앱 등 환경 설정, 다음 공부 강의 재생 등 준비",행정,자리 정리,,,,
09.03.2023,Thu,08:29,08:42,00:13,고전음악감상실 세미나 준비 등,,,,,,
09.03.2023,Thu,08:42,08:44,00:02,"반도체공정 (김동환 교수님) 청강, 준비, 관련 행정 등",,,,,,
09.03.2023,Thu,08:44,08:52,00:08,고전음악감상실 세미나 준비 등,,,,,,
09.03.2023,Thu,08:52,08:54,00:02,"반도체공정 (김동환 교수님) 청강, 준비, 관련 행정 등",,,,,,
09.03.2023,Thu,08:54,08:55,00:01,고전음악감상실 세미나 준비 등,,,,,,
09.03.2023,Thu,08:55,10:20,01:25,"반도체공정 (김동환 교수님) 청강, 준비, 관련 행정 등",,,,,,
09.03.2023,Thu,10:20,10:23,00:03,"이동 준비, 이동 등",생활,이동,,,,
09.03.2023,Thu,10:23,10:25,00:02,화장실,생활,화장실,,,,
09.03.2023,Thu,10:25,11:50,01:25,"공학 수학 I (김운경 교수님) 청강, 준비, 관련 행정 등",,,,,,
09.03.2023,Thu,11:50,12:01,00:11,"이동 준비, 이동 등",생활,이동,,,,
09.03.2023,Thu,12:01,13:17,01:16,"하이퍼텍스트와 계산 가능성 (박성빈 교수님) 수강, 관련 행정, 수험 등",,,,,,
09.03.2023,Thu,13:17,13:22,00:05,"이동 준비, 이동 등",생활,이동,,,,
09.03.2023,Thu,13:22,13:23,00:01,"식사 탐색, 준비, 식사, 뒤처리",생활,식사,,,,
09.03.2023,Thu,13:23,13:25,00:02,"이동 준비, 이동 등",생활,이동,,,,
09.03.2023,Thu,13:25,13:28,00:03,대화,,,,,,
09.03.2023,Thu,13:28,13:29,00:01,화장실,생활,화장실,,,,
09.03.2023,Thu,13:29,13:43,00:14,"이동 준비, 이동 등",생활,이동,,,,
09.03.2023,Thu,13:43,14:05,00:22,고전음악감상실 세미나 준비 등,,,,,,
09.03.2023,Thu,14:05,14:10,00:05,고전음악감상실 운영 등,,,,,,
09.03.2023,Thu,14:10,14:42,00:32,고전음악감상실 세미나 준비 등,,,,,,
09.03.2023,Thu,14:42,14:47,00:05,고전음악감상실 운영 등,,,,,,
09.03.2023,Thu,14:47,15:12,00:25,고전음악감상실 세미나 준비 등,,,,,,
09.03.2023,Thu,15:12,15:28,00:16,"이동 준비, 이동 등",생활,이동,,,,
09.03.2023,Thu,15:28,16:50,01:22,"아날로그 집적회로 (김철우 교수님) 수강, 수험, 행정 등",,,,,,
09.03.2023,Thu,16:50,16:55,00:05,"이동 준비, 이동 등",생활,이동,,,,
09.03.2023,Thu,16:55,16:56,00:01,도서 책 정보 수집 및 구입 대출 등,정보,"책 정보 수집, 구입, 대출 등",,,,
09.03.2023,Thu,16:56,16:58,00:02,화장실,생활,화장실,,,,
09.03.2023,Thu,16:58,17:23,00:25,"이동 준비, 이동 등",생활,이동,,,,
09.03.2023,Thu,17:23,18:41,01:18,"수강 신청, 계획 등",,,,,,
09.03.2023,Thu,18:41,19:02,00:21,"수강 신청, 계획 등",,,,,,
09.03.2023,Thu,19:02,19:11,00:09,"이동 준비, 이동 등",생활,이동,,,,
09.03.2023,Thu,19:11,19:12,00:01,"수강 신청, 계획 등",,,,,,
09.03.2023,Thu,19:12,19:17,00:05,"이동 준비, 이동 등",생활,이동,,,,
09.03.2023,Thu,19:17,19:19,00:02,"컴퓨터네트워크 (김황남 교수님) 수강, 수험, 행정 등",,,,,,
09.03.2023,Thu,19:19,19:25,00:06,"이동 준비, 이동 등",생활,이동,,,,
09.03.2023,Thu,19:25,19:26,00:01,"은행, 간편 결제 업무, 조회, 대기",행정,금융,,,,
09.03.2023,Thu,19:26,19:32,00:06,고전음악감상실 세미나 준비 등,,,,,,
09.03.2023,Thu,19:32,19:35,00:03,"이동 준비, 이동 등",생활,이동,,,,
09.03.2023,Thu,19:35,19:56,00:21,고전음악감상실 세미나 준비 등,,,,,,
09.03.2023,Thu,19:56,19:59,00:03,"이동 준비, 이동 등",생활,이동,,,,
09.03.2023,Thu,19:59,20:19,00:20,고전음악감상실 세미나 준비 등,,,,,,
09.03.2023,Thu,20:19,20:36,00:17,"이동 준비, 이동 등",생활,이동,,,,
09.03.2023,Thu,20:36,20:39,00:03,"식사 탐색, 준비, 식사, 뒤처리",생활,식사,,,,
09.03.2023,Thu,20:39,20:41,00:02,물건 씻기 닦기,생활,"물품 씻기, 닦기",,,,
09.03.2023,Thu,20:41,21:00,00:19,"식사 탐색, 준비, 식사, 뒤처리",생활,식사,,,,
09.03.2023,Thu,21:00,21:08,00:08,"과일 준비, 먹기, 뒤처리",식사,과일,,,,
09.03.2023,Thu,21:08,21:34,00:26,간식,식사,간식,,,,
09.03.2023,Thu,21:34,21:35,00:01,Project Open,,,,,문기옥,
Total,2,,,45:35,,,,,,,